$si=0
$iteration=0
0,0,0,0,0,0
0,0,0,0,0,0


$si=0
$iteration=1
0,0,0,0,0,0
0,0,0,0,0,0


$si=0
$iteration=2
0,0,0,0,0,0
0,0,0,0,0,0


$si=0
$iteration=3
0,0,0,0,0,0
0,0,0,0,0,0


$si=0
$iteration=4
0,0,0,0,0,0
0,0,0,0,0,0


$si=0
$iteration=5
0,0,0,0,0,0
0,0,0,0,0,0


$si=1
$iteration=0
0,1,0,0,0,1
0,1,1,0,0,0


$si=1
$iteration=1
0,1,2,1,2,1
0,2,2,1,1,1


$si=1
$iteration=2
0,1,0,2,0,1
2,1,1,0,0,0


$si=1
$iteration=3
0,1,2,1,2,1
0,2,2,1,1,1


$si=1
$iteration=4
0,1,0,2,0,1
2,1,1,0,0,0


$si=1
$iteration=5
0,1,2,1,2,1
0,2,2,1,1,1


$si=2
$iteration=0
0,1,0,2,3,1
2,1,1,3,0,0


$si=2
$iteration=1
0,1,2,3,2,3
0,2,2,1,3,3


$si=2
$iteration=2
0,1,0,2,3,1
2,1,1,3,0,0


$si=2
$iteration=3
0,1,2,3,2,3
0,2,2,1,3,3


$si=2
$iteration=4
0,1,0,2,3,1
2,1,1,3,0,0


$si=2
$iteration=5
0,1,2,3,2,3
0,2,2,1,3,3


$si=3
$iteration=0
0,1,0,2,3,4
2,4,1,3,0,0


$si=3
$iteration=1
0,1,2,3,4,3
0,2,4,1,3,3


$si=3
$iteration=2
0,1,0,2,3,4
2,4,1,3,0,0


$si=3
$iteration=3
0,1,2,3,4,3
0,2,4,1,3,3


$si=3
$iteration=4
0,1,0,2,3,4
2,4,1,3,0,0


$si=3
$iteration=5
0,1,2,3,4,3
0,2,4,1,3,3


$si=4
$iteration=0
0,1,2,3,4,5
3,5,1,4,0,2


$si=4
$iteration=1
0,1,2,3,4,5
0,2,4,1,3,5


$si=4
$iteration=2
0,1,2,3,4,5
3,5,1,4,0,2


$si=4
$iteration=3
0,1,2,3,4,5
0,2,4,1,3,5


$si=4
$iteration=4
0,1,2,3,4,5
3,5,1,4,0,2


$si=4
$iteration=5
0,1,2,3,4,5
0,2,4,1,3,5


1
